-2.460258563359404320e+02
-2.052017240179482940e+02
-1.543505156450615061e+02
-8.495580352211852926e+01
-2.460258563359404320e+02
-1.606965035861519482e+02
-1.289797188100393157e+02
-5.842209792529335743e+01
-9.127439088022768487e+01
-2.321801453544895537e+02
-1.117774205983734248e+01
-6.495150075868204453e+01
-2.387498862201639724e+02
-1.353127193669911605e+02
-1.416403066517390243e+02
-1.780366720986319606e+01
-1.670500954338328938e+02
-1.099935782216242330e+02
-8.495580352211852926e+01
-1.226674037967396771e+02
4.722329113727504932e+02
-1.162891073124587678e+02
-7.211468648208050070e+01
-2.052017240179482940e+02
-1.226674037967396771e+02
-1.117774205983734248e+01
-1.353127193669911605e+02
-9.751205324275829867e+01
-1.797437021533736754e+02
-1.037530277999929069e+02
-2.460258563359404320e+02
-1.860939863703878530e+02
-2.255521427170982349e+02
-2.182164777768136616e+02
-8.495580352211852926e+01
-1.479734075751605076e+02
-1.987910266722646213e+02
-1.479734075751605076e+02
-1.117774205983734248e+01
-2.117633798829237719e+02
-2.387498862201639724e+02
-1.733920882038407285e+02
-1.162891073124587678e+02
-2.460258563359404320e+02
-2.387498862201639724e+02
-7.852933097035739252e+01
-1.924375790013174878e+02
-2.460258563359404320e+02
-2.460258563359404320e+02
-5.193303800302646067e+01
